R 1200 800
NO image/wood.png
SO image/redbrick.png
WE image/purplestone.png
EA image/mossy.png

S image/pillar.png
F 100, 100, 100
C 140, 200, 255

1 1 1 1 1 1 1 1 1 1 1 1 1 1 1 1 1 1 1 1 1 1 1 1 1 1 1 1 1
1 0 0 0 0 0 0 0 0 0 1 1 0 0 0 0 0 0 0 0 0 0 0 0 0 0 0 0 1
1 0 1 1 0 0 0 0 0 1 1 1 0 0 0 0 0 0 2 0 0 0 0 0 1 0 0 0 1
1 0 0 1 0 0 0 0 0 0 0 0 0 0 0 0 0 0 0 0 0 0 0 0 1 0 0 0 1
1 0 1 1 0 0 0 0 0 1 1 1 0 0 0 0 0 0 0 0 0 0 0 0 1 0 0 0 1
1 0 0 0 0 0 0 0 0 0 1 1 0 0 0 0 0 1 1 1 0 1 1 1 1 0 0 0 1
1 1 1 1 0 1 1 1 1 1 1 1 1 1 0 1 1 1 0 0 0 0 0 0 1 0 0 0 1
1 1 1 1 0 1 1 1 1 1 1 1 1 1 0 1 1 1 0 1 0 1 0 0 1 0 0 0 1
1 1 0 0 0 0 0 0 1 1 0 1 0 1 0 1 1 1 0 0 0 0 0 0 1 0 0 0 1
1 0 0 0 2 0 0 0 0 0 0 0 0 0 0 0 1 1 0 0 0 0 0 0 1 0 0 0 1
1 0 0 0 0 0 0 0 0 0 0 0 0 0 0 0 1 1 0 1 0 1 0 0 1 0 0 0 1
1 1 0 0 0 0 0 0 1 1 0 1 0 1 0 1 1 1 1 1 0 1 1 1 1 0 N 0 1
1 1 1 1 0 1 1 1 1 1 1 1 0 1 0 1 1 1 1 1 0 1 1 1 1 0 0 0 1
1 1 1 1 1 1 1 1 1 1 1 1 1 1 1 1 1 1 1 1 1 1 1 1 1 1 1 1 1